,index,name,depends_on_value,reverse_depends_value,mod_depends_on_group,index_2,mrd
0,442,BIFIEsurvey,4.0,0.0,1,0,442
1,919,colorspace,0.0,49.0,1,1,919
2,2238,ggm,1.0,5.0,1,2,2238
3,2243,ggplot2,7.0,351.0,2,3,2243
4,2634,huge,4.0,1.0,1,4,2634
5,2727,igraph,4.0,161.0,1,5,2727
6,3277,magrittr,0.0,46.0,1,6,3277
7,3506,miceadds,17.0,1.0,3,7,3506
8,3802,munsell,1.0,2.0,1,8,3802
9,3963,NMF,13.0,2.0,2,9,3963
10,4441,pkgmaker,5.0,4.0,1,10,4441
11,4492,plyr,1.0,282.0,1,11,4492
12,4741,qgraph,21.0,7.0,4,12,4741
13,5001,Rcpp,0.0,416.0,1,13,5001
14,5162,reshape2,3.0,149.0,1,14,5162
15,5361,rngtools,3.0,2.0,1,15,5361
16,5693,scales,6.0,60.0,1,16,5693
17,5805,semPlot,10.0,1.0,2,17,5805
18,5951,sirt,21.0,1.0,4,18,5951
19,6352,stringi,0.0,15.0,1,19,6352
20,6353,stringr,2.0,163.0,1,20,6353
