,source2,target2
0,24,4
1,24,88
2,24,168
3,24,149
4,24,78
5,24,36
6,24,150
7,24,122
8,24,128
9,24,129
10,24,131
11,24,17
12,24,46
13,24,67
14,24,3
15,24,59
16,24,92
17,24,100
18,24,1
19,24,155
20,24,114
21,153,108
22,153,41
23,153,152
24,153,117
25,153,64
26,153,15
27,153,82
28,153,94
29,153,174
30,153,170
31,153,66
32,153,84
33,153,130
34,153,136
35,153,104
36,153,107
37,153,115
38,30,23
39,30,71
40,30,165
41,30,28
42,30,140
43,30,151
44,30,35
45,30,87
46,30,132
47,30,2
48,30,99
49,30,82
50,30,124
51,30,62
52,30,160
53,30,40
54,30,52
55,30,16
56,30,45
57,30,77
58,30,0
59,30,86
60,123,51
61,123,103
62,123,143
63,123,144
64,123,111
65,123,72
66,123,176
67,123,125
68,123,139
69,123,96
70,123,134
71,123,25
72,123,126
73,123,13
74,123,63
75,123,163
76,123,65
77,123,119
78,123,135
79,159,10
80,159,11
81,159,39
82,159,43
83,159,111
84,159,14
85,159,9
86,159,29
87,159,50
88,159,58
89,159,142
90,159,91
91,159,7
92,159,79
93,159,139
94,159,96
95,159,5
96,159,25
97,159,27
98,159,162
99,159,63
100,159,56
101,159,121
102,32,144
103,32,173
104,32,156
105,32,12
106,32,105
107,32,54
108,32,58
109,32,101
110,32,132
111,32,2
112,32,19
113,32,44
114,32,116
115,32,166
116,32,161
117,32,139
118,32,145
119,32,21
120,32,6
121,32,42
122,32,137
123,80,10
124,80,169
125,80,43
126,80,48
127,80,55
128,80,58
129,80,98
130,80,171
131,80,2
132,80,154
133,80,91
134,80,82
135,80,89
136,80,53
137,80,106
138,80,139
139,80,134
140,80,5
141,80,6
142,80,27
143,80,13
144,80,56
145,80,60
146,104,68
147,104,133
148,104,151
149,104,132
150,104,37
151,104,44
152,104,166
153,104,167
154,104,82
155,104,161
156,104,164
157,104,84
158,104,34
159,104,21
160,104,32
161,104,136
162,104,47
163,104,93
164,104,118
165,104,83
166,104,115
167,8,57
168,8,97
169,8,43
170,8,95
171,8,102
172,8,146
173,8,147
174,8,172
175,8,113
176,8,157
177,8,58
178,8,110
179,8,18
180,8,44
181,8,20
182,8,85
183,8,96
184,8,162
185,8,33
186,8,63
187,8,70
188,8,65
189,109,31
190,109,38
191,109,158
192,109,112
193,109,49
194,109,175
195,109,120
196,109,152
197,109,55
198,109,58
199,109,90
200,109,127
201,109,141
202,109,138
203,109,76
204,109,69
205,109,74
206,109,75
207,109,81
208,109,22
209,109,61
210,109,125
211,109,73
212,109,148
213,109,63
214,109,26
215,109,60
