,index,name,depends_on_value,reverse_depends_value,mod_depends_on_group,index_2,mrd
50,3324,MASS,0.0,679.0,1,0,3324
74,5001,Rcpp,0.0,416.0,1,1,5001
27,2243,ggplot2,7.0,351.0,2,2,2243
51,3340,Matrix,1.0,336.0,1,3,3340
40,3033,lattice,0.0,294.0,1,4,3033
66,4492,plyr,1.0,282.0,1,5,4492
59,3839,mvtnorm,0.0,272.0,1,6,3839
94,6402,survival,0.0,241.0,1,7,6402
90,6093,sp,1.0,196.0,1,8,6093
96,7008,XML,0.0,165.0,1,9,7008
93,6353,stringr,2.0,163.0,1,10,6353
35,2727,igraph,4.0,161.0,1,11,2727
77,5162,reshape2,3.0,149.0,1,12,5162
8,899,coda,1.0,146.0,1,13,899
75,5033,RCurl,1.0,142.0,1,14,5033
34,2633,httr,6.0,121.0,1,15,2633
2,166,ape,2.0,115.0,1,16,166
80,5221,rgl,0.0,114.0,1,17,5221
4,576,boot,0.0,111.0,1,18,576
22,1965,foreach,2.0,108.0,1,19,1965
61,3943,nlme,1.0,107.0,1,20,3943
99,7048,zoo,1.0,105.0,1,21,7048
73,4996,RColorBrewer,0.0,103.0,1,22,4996
37,2911,jsonlite,0.0,101.0,1,23,2911
17,1442,dplyr,6.0,95.0,1,24,1442
63,4038,numDeriv,0.0,92.0,1,25,4038
33,2582,Hmisc,14.0,86.0,3,26,2582
55,3492,mgcv,2.0,85.0,1,27,3492
7,850,cluster,0.0,84.0,1,28,850
71,4904,raster,2.0,82.0,1,29,4904
12,1190,data.table,2.0,80.0,1,30,1190
31,2433,gtools,0.0,80.0,1,31,2433
81,5280,rJava,0.0,76.0,1,32,5280
5,672,car,5.0,73.0,1,33,672
89,5876,shiny,7.0,73.0,2,34,5876
21,1893,fields,2.0,71.0,1,35,1893
97,7015,xtable,0.0,70.0,1,36,7015
0,11,abind,0.0,67.0,1,37,11
15,1335,digest,0.0,67.0,1,38,1335
43,3138,lme4,6.0,66.0,1,39,3138
18,1507,e1071,1.0,63.0,1,40,1507
24,1978,Formula,0.0,61.0,1,41,1978
11,1015,corpcor,0.0,60.0,1,42,1015
88,5693,scales,6.0,60.0,1,43,5693
28,2289,glmnet,2.0,59.0,1,44,2289
82,5287,rjson,0.0,57.0,1,45,5287
83,5288,RJSONIO,0.0,56.0,1,46,5288
78,5211,rgdal,1.0,55.0,1,47,5211
29,2351,gplots,4.0,54.0,1,48,2351
49,3304,maptools,3.0,53.0,1,49,3304
62,3966,nnet,0.0,53.0,1,50,3966
14,1287,deSolve,0.0,52.0,1,51,1287
30,2386,gridExtra,1.0,52.0,1,52,2386
68,4779,quadprog,0.0,51.0,1,53,4779
84,5384,robustbase,1.0,51.0,1,54,5384
16,1424,doParallel,2.0,50.0,1,55,1424
76,5161,reshape,1.0,50.0,1,56,5161
95,6848,vegan,5.0,50.0,1,57,6848
9,919,colorspace,0.0,49.0,1,58,919
25,2137,gdata,1.0,49.0,1,59,2137
70,4866,randomForest,0.0,48.0,1,60,4866
13,1204,DBI,0.0,46.0,1,61,1204
47,3277,magrittr,0.0,46.0,1,62,3277
64,4474,plotrix,0.0,46.0,1,63,4474
85,5439,rpart,0.0,45.0,1,64,5439
69,4794,quantreg,3.0,43.0,1,65,4794
67,4687,psych,1.0,42.0,1,66,4687
72,4956,Rcmdr,4.0,41.0,1,67,4956
91,6155,spatstat,5.0,41.0,1,68,6155
23,1969,foreign,0.0,40.0,1,69,1969
46,3255,lubridate,3.0,39.0,1,70,3255
1,54,ade4,0.0,38.0,1,71,54
98,7018,xts,1.0,38.0,1,72,7018
38,2933,KernSmooth,0.0,36.0,1,73,2933
39,2964,knitr,7.0,36.0,2,74,2964
92,6297,statmod,0.0,35.0,1,75,6297
10,924,combinat,0.0,34.0,1,76,924
79,5217,rgeos,1.0,34.0,1,77,5217
57,3743,msm,3.0,33.0,1,78,3743
87,5670,sandwich,1.0,33.0,1,79,5670
36,2858,iterators,0.0,32.0,1,80,2858
48,3302,maps,0.0,32.0,1,81,3302
53,3385,mclust,0.0,32.0,1,82,3385
56,3640,mnormt,0.0,32.0,1,83,3640
86,5591,R.utils,2.0,31.0,1,84,5591
65,4479,pls,0.0,30.0,1,85,4479
3,237,assertthat,0.0,29.0,1,86,237
44,3160,lmtest,1.0,29.0,1,87,3160
60,3910,network,0.0,29.0,1,88,3910
45,3223,lpSolve,0.0,28.0,1,89,3223
54,3390,MCMCpack,2.0,28.0,1,90,3390
6,822,class,1.0,27.0,1,91,822
41,3035,latticeExtra,2.0,27.0,1,92,3035
42,3038,lavaan,4.0,27.0,1,93,3038
58,3760,multcomp,5.0,27.0,1,94,3760
19,1833,fBasics,5.0,26.0,1,95,1833
20,1848,fda,1.0,26.0,1,96,1848
26,2203,geometry,1.0,26.0,1,97,2203
32,2451,gWidgets,0.0,26.0,1,98,2451
52,3345,matrixStats,0.0,26.0,1,99,3345
