,index,name,depends_on_value,reverse_depends_value,mod_depends_on_group,index_2,dependants_vmsbase
17,2176,genetics,5.0,8.0,1,0,2176
15,2112,gap,0.0,1.0,1,1,2112
2,130,AMORE,0.0,1.0,1,2,130
50,4996,RColorBrewer,0.0,103.0,1,3,4996
45,4492,plyr,1.0,282.0,1,4,4492
4,655,cairoDevice,0.0,17.0,1,5,655
21,2319,gmt,0.0,1.0,1,6,2319
5,657,calibrate,1.0,7.0,1,7,657
25,2451,gWidgets,0.0,26.0,1,8,2451
29,2964,knitr,7.0,36.0,2,9,2964
27,2582,Hmisc,14.0,86.0,3,10,2582
26,2455,gWidgetsRGtk2,3.0,23.0,1,11,2455
46,4552,PopGenReport,23.0,0.0,4,12,4552
6,799,chron,0.0,21.0,1,13,799
55,5539,RSQLite,1.0,25.0,1,14,5539
8,1190,data.table,2.0,80.0,1,15,1190
14,1969,foreign,0.0,40.0,1,16,1969
49,4904,raster,2.0,82.0,1,17,4904
51,5161,reshape,1.0,50.0,1,18,5161
52,5162,reshape2,3.0,149.0,1,19,5162
22,2351,gplots,4.0,54.0,1,20,2351
37,3633,mmod,2.0,1.0,1,21,3633
9,1204,DBI,0.0,46.0,1,22,1204
16,2142,gdistance,4.0,4.0,1,23,2142
0,54,ade4,0.0,38.0,1,24,54
18,2231,GGally,5.0,8.0,1,25,2231
1,56,adegenet,11.0,9.0,2,26,56
42,4383,phangorn,5.0,14.0,1,27,4383
57,5693,scales,6.0,60.0,1,28,5693
19,2239,ggmap,12.0,7.0,2,29,2239
60,6848,vegan,5.0,50.0,1,30,6848
24,2428,gsubfn,1.0,7.0,1,31,2428
20,2243,ggplot2,7.0,351.0,2,32,2243
61,6853,VennDiagram,0.0,4.0,1,33,6853
43,4423,phytools,10.0,16.0,2,34,4423
39,4296,PBSmapping,0.0,2.0,1,35,4296
41,4364,permute,0.0,14.0,1,36,4364
12,1847,FD,4.0,7.0,1,37,1847
58,6093,sp,1.0,196.0,1,38,6093
38,4176,outliers,0.0,6.0,1,39,4176
10,1361,dismo,2.0,7.0,1,40,1361
7,850,cluster,0.0,84.0,1,41,850
56,5591,R.utils,2.0,31.0,1,42,5591
31,3033,lattice,0.0,294.0,1,43,3033
53,5211,rgdal,1.0,55.0,1,44,5211
59,6238,sqldf,5.0,6.0,1,45,6238
62,6882,vmsbase,27.0,0.0,4,46,6882
47,4836,R6,0.0,17.0,1,47,4836
13,1893,fields,2.0,71.0,1,48,1893
33,3302,maps,0.0,32.0,1,49,3302
63,7015,xtable,0.0,70.0,1,50,7015
34,3304,maptools,3.0,53.0,1,51,3304
28,2793,intervals,0.0,3.0,1,52,2793
54,5226,RgoogleMaps,2.0,6.0,1,53,5226
23,2386,gridExtra,1.0,52.0,1,54,2386
30,2998,labdsv,4.0,4.0,1,55,2998
32,3294,mapdata,1.0,8.0,1,56,3294
40,4338,pegas,2.0,7.0,1,57,4338
36,3324,MASS,0.0,679.0,1,58,3324
48,4854,RAM,23.0,0.0,4,59,4854
35,3320,marmap,12.0,1.0,2,60,3320
44,4474,plotrix,0.0,46.0,1,61,4474
11,1532,ecodist,0.0,5.0,1,62,1532
3,166,ape,2.0,115.0,1,63,166
