,index,name,depends_on_value,reverse_depends_value,mod_depends_on_group,index_2,dependants_vmsbase
167,6402,survival,0.0,241.0,1,0,6402
144,5439,rpart,0.0,45.0,1,1,5439
69,2582,Hmisc,14.0,86.0,3,2,2582
135,5148,reportr,0.0,5.0,1,3,5148
0,39,ada,1.0,3.0,1,4,39
136,5161,reshape,1.0,50.0,1,5,5161
137,5162,reshape2,3.0,149.0,1,6,5162
99,3633,mmod,2.0,1.0,1,7,3633
161,6105,SpaDES,22.0,0.0,4,8,6105
49,2142,gdistance,4.0,4.0,1,9,2142
1,54,ade4,0.0,38.0,1,10,54
2,56,adegenet,11.0,9.0,2,11,56
37,1593,ellipse,0.0,22.0,1,12,1593
148,5693,scales,6.0,60.0,1,13,5693
48,2112,gap,0.0,1.0,1,14,2112
85,3138,lme4,6.0,66.0,1,15,3138
138,5191,Rfit,1.0,4.0,1,16,5191
123,4680,pso,0.0,4.0,1,17,4680
70,2633,httr,6.0,121.0,1,18,2633
71,2634,huge,4.0,1.0,1,19,2634
86,3255,lubridate,3.0,39.0,1,20,3255
124,4687,psych,1.0,42.0,1,21,4687
108,4176,outliers,0.0,6.0,1,22,4176
3,83,agricolae,6.0,2.0,1,23,83
72,2645,hybridEnsemble,21.0,0.0,4,24,2645
139,5211,rgdal,1.0,55.0,1,25,5211
162,6238,sqldf,5.0,6.0,1,26,6238
140,5226,RgoogleMaps,2.0,6.0,1,27,5226
12,620,BSDA,2.0,1.0,1,28,620
51,2176,genetics,5.0,8.0,1,29,2176
107,4032,NSM3,22.0,0.0,4,30,4032
4,130,AMORE,0.0,1.0,1,31,130
125,4741,qgraph,21.0,7.0,4,32,4741
149,5766,secr,6.0,4.0,1,33,5766
110,4289,pbivnorm,0.0,6.0,1,34,4289
38,1673,epitools,0.0,5.0,1,35,1673
52,2189,GenSA,0.0,3.0,1,36,2189
73,2702,ic.infer,4.0,1.0,1,37,2702
13,655,cairoDevice,0.0,17.0,1,38,655
14,657,calibrate,1.0,7.0,1,39,657
109,4253,partitions,2.0,11.0,1,40,4253
15,672,car,5.0,73.0,1,41,672
150,5793,sem,5.0,8.0,1,42,5793
28,1190,data.table,2.0,80.0,1,43,1190
74,2727,igraph,4.0,161.0,1,44,2727
151,5800,SemiPar,3.0,4.0,1,45,5800
126,4779,quadprog,0.0,51.0,1,46,4779
152,5805,semPlot,10.0,1.0,2,47,5805
40,1847,FD,4.0,7.0,1,48,1847
29,1204,DBI,0.0,46.0,1,49,1204
53,2231,GGally,5.0,8.0,1,50,2231
6,185,aqp,12.0,5.0,2,51,185
127,4794,quantreg,3.0,43.0,1,52,4794
114,4383,phangorn,5.0,14.0,1,53,4383
54,2238,ggm,1.0,5.0,1,54,2238
55,2239,ggmap,12.0,7.0,2,55,2239
170,6848,vegan,5.0,50.0,1,56,6848
7,193,archivist,7.0,1.0,2,57,193
56,2243,ggplot2,7.0,351.0,2,58,2243
141,5316,Rmalschains,1.0,1.0,1,59,5316
171,6853,VennDiagram,0.0,4.0,1,60,6853
111,4296,PBSmapping,0.0,2.0,1,61,4296
105,3996,nortest,0.0,12.0,1,62,3996
159,6093,sp,1.0,196.0,1,63,6093
75,2768,inline,0.0,7.0,1,64,2768
164,6353,stringr,2.0,163.0,1,65,6353
100,3796,multiwayvcov,2.0,1.0,1,66,3796
131,4866,randomForest,0.0,48.0,1,67,4866
16,731,CDM,8.0,2.0,2,68,731
87,3294,mapdata,1.0,8.0,1,69,3294
163,6352,stringi,0.0,15.0,1,70,6352
8,226,ash,0.0,4.0,1,71,226
64,2427,gstat,5.0,14.0,1,72,2427
128,4836,R6,0.0,17.0,1,73,4836
88,3302,maps,0.0,32.0,1,74,3302
89,3304,maptools,3.0,53.0,1,75,3304
76,2793,intervals,0.0,3.0,1,76,2793
165,6384,SuppDists,0.0,8.0,1,77,6384
50,2156,genalg,0.0,5.0,1,78,2156
112,4338,pegas,2.0,7.0,1,79,4338
129,4854,RAM,23.0,0.0,4,80,4854
90,3320,marmap,12.0,1.0,2,81,3320
91,3324,MASS,0.0,679.0,1,82,3324
166,6397,survey,0.0,23.0,1,83,6397
101,3839,mvtnorm,0.0,272.0,1,84,3839
130,4864,RandomFields,2.0,11.0,1,85,4864
173,6914,waveslim,0.0,8.0,1,86,6914
39,1797,fANCOVA,0.0,1.0,1,87,1797
9,262,AUC,0.0,4.0,1,88,262
113,4364,permute,0.0,14.0,1,89,4364
59,2319,gmt,0.0,1.0,1,90,2319
82,3033,lattice,0.0,294.0,1,91,3033
142,5401,ROCR,1.0,25.0,1,92,5401
153,5850,sfsmisc,0.0,20.0,1,93,5850
93,3359,MBESS,0.0,4.0,1,94,3359
30,1312,DiagrammeR,2.0,4.0,1,95,1312
132,4904,raster,2.0,82.0,1,96,4904
18,810,CircStats,2.0,6.0,1,97,810
60,2351,gplots,4.0,54.0,1,98,2351
79,2952,km.ci,1.0,2.0,1,99,2952
143,5427,rotationForest,1.0,1.0,1,100,5427
57,2270,glasso,0.0,15.0,1,101,2270
31,1335,digest,0.0,67.0,1,102,1335
19,826,classInt,2.0,10.0,1,103,826
154,5951,sirt,21.0,1.0,4,104,5951
41,1859,fdrtool,0.0,11.0,1,105,1859
115,4423,phytools,10.0,16.0,2,106,4423
155,5961,sjmisc,1.0,2.0,1,107,5961
10,331,bayesm,1.0,8.0,1,108,331
172,6882,vmsbase,27.0,0.0,4,109,6882
61,2384,gridBase,0.0,10.0,1,110,2384
32,1361,dismo,2.0,7.0,1,111,1361
20,850,cluster,0.0,84.0,1,112,850
43,1875,ffbase,3.0,4.0,1,113,1875
168,6485,tabuSearch,0.0,1.0,1,114,6485
169,6488,TAM,13.0,3.0,2,115,6488
77,2907,jpeg,0.0,16.0,1,116,2907
63,2397,grouped,1.0,1.0,1,117,2397
156,5982,sm,0.0,12.0,1,118,5982
174,7008,XML,0.0,165.0,1,119,7008
44,1893,fields,2.0,71.0,1,120,1893
175,7015,xtable,0.0,70.0,1,121,7015
78,2930,kernelFactory,4.0,2.0,1,122,2930
117,4468,plotKML,19.0,3.0,3,123,4468
94,3449,metafor,1.0,8.0,1,124,3449
118,4474,plotrix,0.0,46.0,1,125,4474
145,5499,RSAGA,3.0,3.0,1,126,5499
65,2428,gsubfn,1.0,7.0,1,127,2428
102,3965,NMOF,0.0,1.0,1,128,3965
103,3966,nnet,0.0,53.0,1,129,3966
119,4479,pls,0.0,30.0,1,130,4479
104,3968,nnls,0.0,11.0,1,131,3968
66,2433,gtools,0.0,80.0,1,132,2433
21,899,coda,1.0,146.0,1,133,899
133,4996,RColorBrewer,0.0,103.0,1,134,4996
176,7048,zoo,1.0,105.0,1,135,7048
134,5001,Rcpp,0.0,416.0,1,136,5001
157,6026,sna,0.0,17.0,1,137,6026
68,2455,gWidgetsRGtk2,3.0,23.0,1,138,2455
120,4492,plyr,1.0,282.0,1,139,4492
22,909,coin,4.0,10.0,1,140,909
67,2451,gWidgets,0.0,26.0,1,141,2451
80,2964,knitr,7.0,36.0,2,142,2964
23,917,colorRamps,0.0,4.0,1,143,917
24,919,colorspace,0.0,49.0,1,144,919
121,4504,png,0.0,23.0,1,145,4504
33,1436,downloader,1.0,5.0,1,146,1436
34,1442,dplyr,6.0,95.0,1,147,1442
146,5539,RSQLite,1.0,25.0,1,148,5539
45,1958,FNN,0.0,9.0,1,149,1958
58,2289,glmnet,2.0,59.0,1,150,2289
25,924,combinat,0.0,34.0,1,151,924
46,1969,foreign,0.0,40.0,1,152,1969
96,3506,miceadds,17.0,1.0,3,153,3506
81,2998,labdsv,4.0,4.0,1,154,2998
158,6072,soma,1.0,1.0,1,155,6072
27,1157,d3Network,3.0,1.0,1,156,1157
47,1987,fpCompare,0.0,1.0,1,157,1987
17,799,chron,0.0,21.0,1,158,799
122,4552,PopGenReport,23.0,0.0,4,159,4552
106,4002,np,2.0,9.0,1,160,4002
92,3340,Matrix,1.0,336.0,1,161,3340
147,5591,R.utils,2.0,31.0,1,162,5591
160,6102,spacetime,5.0,8.0,1,163,6102
97,3545,mirt,6.0,6.0,1,164,3545
11,474,binom,0.0,4.0,1,165,474
83,3038,lavaan,4.0,27.0,1,166,3038
84,3039,lavaan.survey,4.0,2.0,1,167,3039
35,1507,e1071,1.0,63.0,1,168,1507
5,166,ape,2.0,115.0,1,169,166
98,3563,mitools,0.0,5.0,1,170,3563
62,2386,gridExtra,1.0,52.0,1,171,2386
42,1874,ff,1.0,15.0,1,172,1874
26,1015,corpcor,0.0,60.0,1,173,1015
95,3505,mice,6.0,10.0,1,174,3505
36,1532,ecodist,0.0,5.0,1,175,1532
116,4437,pixmap,0.0,8.0,1,176,4437
