,source2,target2
0,16,15
1,16,269
2,16,173
3,16,414
4,16,64
5,16,203
6,16,364
7,16,312
8,16,477
9,16,487
10,16,256
11,31,204
12,31,337
13,31,296
14,31,126
15,31,163
16,31,229
17,31,312
18,31,372
19,31,477
20,52,245
21,52,64
22,52,71
23,52,341
24,52,358
25,52,364
26,52,115
27,52,272
28,52,312
29,52,322
30,52,549
31,52,4
32,60,252
33,60,380
34,60,159
35,60,296
36,60,364
37,60,117
38,60,126
39,60,272
40,60,311
41,60,448
42,60,549
43,60,70
44,88,289
45,88,109
46,88,190
47,88,202
48,88,414
49,88,123
50,88,321
51,88,364
52,88,372
53,88,382
54,148,461
55,148,471
56,148,64
57,148,341
58,148,466
59,148,468
60,148,484
61,148,126
62,148,311
63,148,83
64,276,21
65,276,23
66,276,64
67,276,364
68,276,387
69,276,527
70,276,158
71,276,229
72,276,237
73,276,238
74,276,311
75,276,386
76,276,549
77,193,173
78,193,271
79,193,465
80,193,368
81,193,510
82,193,372
83,193,530
84,193,11
85,193,46
86,193,283
87,193,128
88,193,254
89,26,15
90,26,269
91,26,435
92,26,506
93,26,47
94,26,188
95,26,419
96,26,521
97,26,238
98,26,211
99,212,173
100,212,337
101,212,538
102,212,64
103,212,79
104,212,287
105,212,338
106,212,355
107,212,431
108,212,70
109,212,260
110,212,265
111,232,243
112,232,435
113,232,294
114,232,364
115,232,381
116,232,527
117,232,354
118,232,122
119,232,367
120,232,386
121,232,451
122,316,284
123,316,315
124,316,380
125,316,64
126,316,248
127,316,364
128,316,368
129,316,473
130,316,335
131,316,262
132,350,202
133,350,435
134,350,443
135,350,540
136,350,64
137,350,250
138,350,364
139,350,473
140,350,126
141,350,335
142,350,448
143,393,392
144,393,394
145,393,142
146,393,397
147,393,398
148,393,399
149,393,364
150,393,233
151,393,39
152,393,94
153,412,145
154,412,234
155,412,373
156,412,435
157,412,473
158,412,151
159,412,197
160,412,240
161,412,487
162,412,497
163,412,4
164,413,380
165,413,89
166,413,296
167,413,368
168,413,369
169,413,132
170,413,431
171,413,69
172,413,70
173,413,260
174,430,519
175,430,186
176,430,223
177,430,358
178,430,237
179,430,322
180,430,323
181,430,483
182,430,549
183,430,552
184,430,152
185,430,263
186,436,519
187,436,64
188,436,264
189,436,268
190,436,321
191,436,452
192,436,533
193,436,206
194,436,451
195,436,552
196,436,133
197,436,175
198,442,15
199,442,18
200,442,19
201,442,269
202,442,276
203,442,390
204,442,440
205,442,10
206,442,23
207,442,358
208,442,229
209,442,237
210,442,353
211,442,549
212,442,4
213,476,269
214,476,64
215,476,347
216,476,368
217,476,494
218,476,98
219,476,126
220,476,274
221,476,312
222,476,138
223,476,211
224,496,440
225,496,456
226,496,503
227,496,535
228,496,364
229,496,486
230,496,367
231,496,529
232,496,139
233,496,140
234,545,243
235,545,252
236,545,384
237,545,531
238,545,267
239,545,364
240,545,381
241,545,494
242,545,150
243,545,367
244,545,162
245,547,496
246,547,503
247,547,505
248,547,267
249,547,364
250,547,206
251,547,326
252,547,359
253,547,367
254,547,411
255,547,421
256,547,516
257,547,139
258,547,140
259,556,379
260,556,380
261,556,179
262,556,259
263,556,347
264,556,282
265,556,285
266,556,307
267,556,389
268,556,401
269,556,144
270,556,235
271,556,261
272,14,269
273,14,202
274,14,332
275,14,268
276,14,296
277,14,297
278,14,364
279,14,416
280,14,229
281,14,386
282,54,519
283,54,32
284,54,116
285,54,118
286,54,310
287,54,364
288,54,429
289,54,126
290,54,481
291,54,549
292,54,336
293,57,42
294,57,53
295,57,64
296,57,126
297,57,237
298,57,238
299,57,287
300,57,322
301,57,323
302,57,549
303,57,70
304,62,380
305,62,53
306,62,64
307,62,257
308,62,356
309,62,126
310,62,132
311,62,164
312,62,312
313,62,327
314,62,338
315,62,448
316,147,21
317,147,280
318,147,103
319,147,159
320,147,296
321,147,297
322,147,305
323,147,473
324,147,272
325,147,312
326,147,351
327,147,487
328,147,207
329,159,7
330,159,252
331,159,540
332,159,543
333,159,64
334,159,103
335,159,121
336,159,296
337,159,297
338,159,527
339,159,164
340,159,386
341,159,448
342,159,83
343,184,12
344,184,84
345,184,435
346,184,536
347,184,32
348,184,40
349,184,79
350,184,266
351,184,526
352,184,527
353,184,124
354,184,178
355,184,206
356,184,229
357,184,309
358,184,344
359,184,372
360,184,378
361,184,386
362,184,542
363,184,104
364,149,204
365,149,183
366,149,23
367,149,79
368,149,376
369,149,122
370,149,288
371,149,312
372,149,228
373,149,386
374,304,499
375,304,174
376,304,410
377,304,347
378,304,418
379,304,132
380,304,237
381,304,272
382,304,448
383,304,549
384,308,519
385,308,225
386,308,358
387,308,368
388,308,500
389,308,227
390,308,237
391,308,323
392,308,524
393,308,549
394,308,4
395,342,76
396,342,113
397,342,337
398,342,380
399,342,369
400,342,427
401,342,237
402,342,274
403,342,325
404,342,483
405,342,260
406,362,271
407,362,479
408,362,64
409,362,127
410,362,368
411,362,548
412,362,8
413,362,214
414,362,274
415,362,166
416,363,19
417,363,340
418,363,167
419,363,53
420,363,64
421,363,500
422,363,117
423,363,237
424,363,312
425,363,415
426,363,483
427,363,549
428,460,292
429,460,64
430,460,334
431,460,345
432,460,402
433,460,209
434,460,454
435,460,453
436,460,487
437,460,488
438,460,490
439,420,100
440,420,202
441,420,540
442,420,107
443,420,215
444,420,127
445,420,364
446,420,374
447,420,419
448,420,437
449,420,81
450,420,494
451,420,122
452,420,274
453,420,508
454,420,512
455,420,105
456,444,112
457,444,231
458,444,64
459,444,67
460,444,37
461,444,38
462,444,126
463,444,312
464,444,487
465,444,83
466,457,202
467,457,414
468,457,59
469,457,64
470,457,103
471,457,296
472,457,297
473,457,300
474,457,364
475,457,458
476,457,126
477,457,293
478,457,312
479,86,153
480,86,202
481,86,210
482,86,95
483,86,123
484,86,494
485,86,354
486,86,74
487,86,122
488,86,367
489,86,400
490,77,252
491,77,280
492,77,380
493,77,409
494,77,538
495,77,64
496,77,101
497,77,106
498,77,272
499,77,302
500,77,312
501,77,361
502,77,70
503,544,27
504,544,75
505,544,145
506,544,192
507,544,275
508,544,281
509,544,464
510,544,495
511,544,123
512,544,159
513,544,273
514,544,364
515,544,402
516,544,533
517,544,534
518,544,49
519,544,209
520,544,317
521,544,469
522,544,78
523,544,83
524,544,156
525,557,380
526,557,64
527,557,177
528,557,126
529,557,287
530,557,312
531,557,322
532,557,338
533,557,549
534,557,160
535,557,262
536,0,252
537,0,414
538,0,146
539,0,296
540,0,297
541,0,300
542,0,352
543,0,356
544,0,357
545,0,416
546,0,126
547,0,272
548,0,274
549,0,312
550,0,327
551,24,269
552,24,62
553,24,64
554,24,278
555,24,510
556,24,511
557,24,126
558,24,272
559,24,287
560,24,312
561,24,338
562,24,448
563,24,530
564,91,15
565,91,269
566,91,58
567,91,200
568,91,506
569,91,368
570,91,494
571,91,99
572,91,209
573,91,211
574,98,42
575,98,269
576,98,255
577,98,357
578,98,446
579,98,466
580,98,548
581,98,92
582,98,117
583,98,450
584,115,60
585,115,245
586,115,279
587,115,280
588,115,390
589,115,118
590,115,558
591,115,117
592,115,126
593,115,237
594,115,272
595,115,322
596,115,403
597,115,448
598,115,549
599,115,550
600,115,70
601,115,260
602,115,377
603,141,15
604,141,16
605,141,198
606,141,337
607,141,390
608,141,20
609,141,167
610,141,34
611,141,319
612,141,64
613,141,278
614,141,296
615,141,445
616,141,80
617,141,126
618,141,237
619,141,311
620,141,322
621,141,327
622,141,431
623,141,549
624,141,211
625,141,262
626,143,15
627,143,16
628,143,269
629,143,173
630,143,414
631,143,64
632,143,203
633,143,80
634,143,92
635,143,312
636,143,487
637,143,211
638,155,269
639,155,525
640,155,538
641,155,64
642,155,103
643,155,179
644,155,341
645,155,126
646,155,448
647,155,70
648,155,260
649,170,64
650,170,365
651,170,366
652,170,449
653,170,51
654,170,396
655,170,182
656,170,312
657,170,386
658,170,161
659,194,280
660,194,303
661,194,331
662,194,447
663,194,509
664,194,61
665,194,64
666,194,73
667,194,123
668,194,159
669,194,180
670,194,203
671,194,257
672,194,298
673,194,368
674,194,126
675,194,132
676,194,182
677,194,312
678,194,467
679,194,530
680,218,517
681,218,130
682,218,131
683,218,296
684,218,297
685,218,127
686,218,364
687,218,368
688,218,164
689,218,329
690,218,45
691,224,15
692,224,269
693,224,337
694,224,506
695,224,62
696,224,64
697,224,95
698,224,103
699,224,159
700,224,290
701,224,296
702,224,364
703,224,87
704,224,92
705,224,98
706,224,126
707,224,272
708,224,311
709,224,312
710,224,327
711,224,448
712,224,211
713,224,213
714,242,28
715,242,358
716,242,237
717,242,287
718,242,322
719,242,448
720,242,455
721,242,549
722,242,70
723,242,260
724,270,195
725,270,296
726,270,297
727,270,523
728,270,217
729,270,258
730,270,272
731,270,516
732,270,69
733,270,36
734,270,144
735,270,377
736,301,173
737,301,507
738,301,17
739,301,64
740,301,111
741,301,296
742,301,127
743,301,346
744,301,364
745,301,368
746,301,385
747,301,416
748,301,521
749,301,65
750,301,343
751,348,135
752,348,514
753,348,364
754,348,368
755,348,354
756,348,274
757,348,411
758,348,489
759,348,483
760,348,6
761,348,263
762,348,377
763,349,13
764,349,183
765,349,435
766,349,267
767,349,370
768,349,296
769,349,364
770,349,387
771,349,527
772,349,51
773,349,117
774,349,122
775,349,229
776,349,386
777,353,64
778,353,159
779,353,296
780,353,473
781,353,521
782,353,137
783,353,209
784,353,386
785,353,555
786,353,83
787,388,337
788,388,340
789,388,409
790,388,414
791,388,538
792,388,341
793,388,274
794,388,415
795,388,69
796,388,138
797,408,154
798,408,517
799,408,503
800,408,95
801,408,130
802,408,131
803,408,426
804,408,43
805,408,532
806,408,70
807,424,210
808,424,435
809,424,79
810,424,226
811,424,371
812,424,527
813,424,229
814,424,555
815,424,108
816,424,144
817,424,157
818,489,236
819,489,479
820,489,286
821,489,522
822,489,548
823,489,274
824,489,411
825,489,513
826,489,6
827,489,263
828,489,377
829,433,15
830,433,173
831,433,202
832,433,313
833,433,127
834,433,364
835,433,439
836,433,474
837,433,527
838,433,122
839,433,422
840,433,45
841,433,211
842,459,187
843,459,202
844,459,252
845,459,337
846,459,435
847,459,278
848,459,364
849,459,274
850,459,367
851,459,478
852,459,262
853,472,280
854,472,303
855,472,203
856,472,298
857,472,314
858,472,126
859,472,194
860,472,462
861,472,467
862,472,260
863,475,406
864,475,64
865,475,159
866,475,127
867,475,318
868,475,126
869,475,312
870,475,487
871,475,490
872,475,262
873,482,541
874,482,280
875,482,337
876,482,409
877,482,538
878,482,101
879,482,225
880,482,259
881,482,126
882,482,209
883,482,312
884,482,415
885,482,529
886,485,269
887,485,60
888,485,230
889,485,252
890,485,159
891,485,203
892,485,296
893,485,297
894,485,126
895,485,272
896,485,312
897,485,448
898,485,537
899,485,549
900,485,211
901,492,423
902,492,428
903,492,64
904,492,103
905,492,123
906,492,418
907,492,312
908,492,487
909,492,491
910,492,493
911,492,134
912,502,337
913,502,414
914,502,64
915,502,103
916,502,300
917,502,364
918,502,416
919,502,206
920,502,312
921,502,70
922,502,83
923,504,280
924,504,337
925,504,409
926,504,435
927,504,538
928,504,291
929,504,296
930,504,364
931,504,527
932,504,274
933,504,207
934,508,219
935,508,271
936,508,281
937,508,123
938,508,196
939,508,203
940,508,298
941,508,299
942,508,364
943,508,368
944,508,432
945,508,494
946,508,333
947,508,182
948,508,194
949,508,274
950,508,472
951,508,480
952,508,518
953,508,82
954,508,105
955,551,63
956,551,239
957,551,337
958,551,375
959,551,380
960,551,33
961,551,414
962,551,514
963,551,515
964,551,546
965,551,64
966,551,101
967,551,179
968,551,203
969,551,341
970,551,227
971,551,237
972,551,431
973,551,463
974,551,549
975,551,69
976,551,70
977,554,173
978,554,541
979,554,64
980,554,103
981,554,558
982,554,326
983,554,328
984,554,487
985,554,44
986,554,262
987,1,173
988,1,239
989,1,391
990,1,498
991,1,519
992,1,357
993,1,520
994,1,528
995,1,4
996,1,189
997,1,156
998,5,519
999,5,56
1000,5,225
1001,5,368
1002,5,3
1003,5,227
1004,5,237
1005,5,272
1006,5,323
1007,5,325
1008,5,549
1009,5,4
1010,5,70
1011,5,83
1012,9,21
1013,9,395
1014,9,538
1015,9,249
1016,9,501
1017,9,527
1018,9,237
1019,9,272
1020,9,360
1021,9,417
1022,102,30
1023,102,252
1024,102,271
1025,102,64
1026,102,103
1027,102,364
1028,102,385
1029,102,494
1030,102,220
1031,102,311
1032,102,448
1033,22,48
1034,22,441
1035,22,179
1036,22,259
1037,22,341
1038,22,244
1039,22,295
1040,22,320
1041,22,434
1042,22,201
1043,22,235
1044,41,252
1045,41,435
1046,41,50
1047,41,364
1048,41,470
1049,41,416
1050,41,325
1051,41,367
1052,41,481
1053,41,262
1054,85,281
1055,85,337
1056,85,10
1057,85,64
1058,85,103
1059,85,159
1060,85,273
1061,85,277
1062,85,386
1063,85,83
1064,85,377
1065,96,337
1066,96,414
1067,96,62
1068,96,64
1069,96,103
1070,96,179
1071,96,358
1072,96,553
1073,96,272
1074,96,312
1075,96,136
1076,96,138
1077,96,246
1078,96,260
1079,96,377
1080,97,165
1081,97,540
1082,97,64
1083,97,296
1084,97,364
1085,97,527
1086,97,51
1087,97,126
1088,97,164
1089,97,386
1090,105,219
1091,105,93
1092,105,296
1093,105,298
1094,105,364
1095,105,466
1096,105,494
1097,105,126
1098,105,182
1099,105,274
1100,105,480
1101,105,120
1102,105,247
1103,110,269
1104,110,169
1105,110,337
1106,110,538
1107,110,179
1108,110,259
1109,110,2
1110,110,126
1111,110,312
1112,110,70
1113,110,260
1114,114,337
1115,114,414
1116,114,64
1117,114,103
1118,114,121
1119,114,203
1120,114,274
1121,114,312
1122,114,383
1123,114,68
1124,405,252
1125,405,425
1126,405,268
1127,405,324
1128,405,330
1129,405,72
1130,405,168
1131,405,171
1132,405,263
1133,405,377
1134,407,538
1135,407,539
1136,407,364
1137,407,368
1138,407,416
1139,407,446
1140,407,527
1141,407,175
1142,407,176
1143,407,404
1144,407,205
1145,181,340
1146,181,28
1147,181,241
1148,181,208
1149,181,125
1150,181,129
1151,181,172
1152,181,175
1153,181,263
1154,181,377
1155,185,435
1156,185,503
1157,185,159
1158,185,341
1159,185,473
1160,185,521
1161,185,55
1162,185,306
1163,185,311
1164,185,36
1165,185,140
1166,185,246
1167,199,202
1168,199,503
1169,199,540
1170,199,319
1171,199,64
1172,199,93
1173,199,278
1174,199,298
1175,199,339
1176,199,364
1177,199,374
1178,199,457
1179,199,126
1180,199,182
1181,199,191
1182,199,78
1183,199,262
1184,216,202
1185,216,280
1186,216,337
1187,216,435
1188,216,364
1189,216,527
1190,216,274
1191,216,367
1192,216,549
1193,216,207
1194,221,35
1195,221,517
1196,221,236
1197,221,252
1198,221,340
1199,221,440
1200,221,519
1201,221,540
1202,221,62
1203,221,64
1204,221,90
1205,221,119
1206,221,130
1207,221,131
1208,221,223
1209,221,352
1210,221,357
1211,221,358
1212,221,363
1213,221,25
1214,221,66
1215,221,117
1216,221,222
1217,221,415
1218,221,549
1219,221,29
1220,221,213
1221,251,21
1222,251,243
1223,251,303
1224,251,519
1225,251,28
1226,251,159
1227,251,500
1228,251,311
1229,251,322
1230,251,323
1231,251,438
1232,251,549
1233,251,70
1234,253,173
1235,253,271
1236,253,465
1237,253,203
1238,253,127
1239,253,368
1240,253,510
1241,253,372
1242,253,530
1243,253,46
1244,253,283
1245,253,128
1246,253,211
