,source2,target2
0,16,4
1,16,20
2,33,0
3,33,27
4,33,50
5,33,65
6,91,0
7,13,4
8,30,12
9,55,19
10,55,80
11,24,86
12,24,61
13,24,62
14,24,1
15,40,91
16,95,0
17,96,3
18,35,81
19,19,80
20,59,31
21,2,38
22,2,0
23,2,5
24,2,12
25,2,43
26,44,19
27,44,3
28,48,59
29,48,31
30,48,73
31,26,28
32,26,69
33,26,41
34,26,2
35,26,52
36,26,4
37,26,92
38,26,50
39,26,64
40,26,43
41,26,7
42,15,38
43,15,23
44,15,10
45,11,62
46,11,3
47,74,38
48,74,10
49,92,4
50,92,22
51,93,0
52,93,83
53,93,53
54,39,4
55,39,0
56,39,3
57,39,20
58,87,21
59,70,5
60,70,10
61,49,69
62,49,4
63,49,8
64,3,4
65,90,13
66,90,0
67,27,3
68,27,20
69,78,6
70,78,7
71,94,6
72,94,79
73,94,7
74,20,4
75,5,1
76,66,83
77,65,3
78,29,1
79,29,8
80,67,37
81,67,33
82,56,5
83,12,5
84,12,1
85,12,10
86,47,8
87,77,8
88,79,21
89,43,5
90,43,22
91,43,1
92,34,38
93,34,23
94,34,36
95,8,4
96,68,37
97,68,3
98,68,27
99,10,62
100,57,28
101,57,4
102,57,0
103,57,27
104,72,21
105,21,4
