,source2,target2
0,12,24
1,12,26
2,12,7
3,12,15
4,12,40
5,12,1
6,12,23
7,12,0
8,12,25
9,12,32
10,12,9
11,12,43
12,12,21
13,12,57
14,12,4
15,12,17
16,12,18
17,12,44
18,12,53
19,12,42
20,12,38
21,12,30
22,12,50
23,59,24
24,59,63
25,59,15
26,59,37
27,59,29
28,59,32
29,59,20
30,59,54
31,59,10
32,59,55
33,59,43
34,59,58
35,59,36
36,59,27
37,59,34
38,59,4
39,59,3
40,59,18
41,59,19
42,59,53
43,59,28
44,59,30
45,59,33
46,46,2
47,46,5
48,46,13
49,46,41
50,46,22
51,46,62
52,46,48
53,46,16
54,46,29
55,46,32
56,46,6
57,46,31
58,46,8
59,46,11
60,46,52
61,46,56
62,46,49
63,46,51
64,46,60
65,46,39
66,46,35
67,46,61
68,46,47
69,46,14
70,46,38
71,46,45
72,46,33
